a =23 + 6; b = sin(a), c= sinh(a)

b =

   -0.6636


c =

   1.9657e+12

8/(9+10^2)+11/12*13/14

ans =

    0.9246

8/9+10^2+11/12*13/14

ans =

  101.7401

diary off
