a =23 + 6

a =

    29

>>  sin 29
Undefined function 'sin' for input arguments of type 'char'.
 
>> b = sin(29)

b =

   -0.6636

>> c = sinh(29)

c =

   1.9657e+12

>> 7/(8+9^2)+10/11*12/13

ans =

    0.9178

>> 8/(9+10^2)+11/12*13/14

ans =

    0.9246

>> 8/9+10^2+11/12*13/14

ans =

  101.7401

>> a = 23+6; b=sin(a), c=sinh(a)

b =

   -0.6636


c =

   1.9657e+12
